0.0000000 0.0000000 -21.0000000
-5.0000000 0.0000000 -29.6602540
-5.0000000 10.0000000 -29.6602540

0.0000000 0.0000000 -21.0000000
-3.5355339 7.0710678 -27.1237244
0.0000000 14.1421356 -21.0000000

0.0000000 0.0000000 -21.0000000
0.0000000 10.0000000 -21.0000000
5.0000000 10.0000000 -12.3397460

0.0000000 0.0000000 -21.0000000
3.5355339 7.0710678 -14.8762756
7.0710678 0.0000000 -8.7525513

0.0000000 0.0000000 -21.0000000
5.0000000 0.0000000 -12.3397460
5.0000000 -10.0000000 -12.3397460

0.0000000 0.0000000 -21.0000000
3.5355339 -7.0710678 -14.8762756
0.0000000 -14.1421356 -21.0000000

0.0000000 0.0000000 -21.0000000
0.0000000 -10.0000000 -21.0000000
-5.0000000 -10.0000000 -29.6602540

0.0000000 0.0000000 -21.0000000
-3.5355339 -7.0710678 -27.1237244
-7.0710678 0.0000000 -33.2474487

