0.0000000 0.0000000 0.0000000
-5.0000000 0.0000000 -8.6602540
-5.0000000 10.0000000 -8.6602540

0.0000000 0.0000000 0.0000000
-3.5355339 7.0710678 -6.1237244
-0.0000000 14.1421356 -0.0000000

0.0000000 0.0000000 0.0000000
-0.0000000 10.0000000 -0.0000000
5.0000000 10.0000000 8.6602540

0.0000000 0.0000000 0.0000000
3.5355339 7.0710678 6.1237244
7.0710678 0.0000000 12.2474487

0.0000000 0.0000000 0.0000000
5.0000000 0.0000000 8.6602540
5.0000000 -10.0000000 8.6602540

0.0000000 0.0000000 0.0000000
3.5355339 -7.0710678 6.1237244
0.0000000 -14.1421356 0.0000000

0.0000000 0.0000000 0.0000000
0.0000000 -10.0000000 0.0000000
-5.0000000 -10.0000000 -8.6602540

0.0000000 0.0000000 0.0000000
-3.5355339 -7.0710678 -6.1237244
-7.0710678 -0.0000000 -12.2474487

