0.0000000 0.0000000 0.9238095
-0.1685758 0.0000000 0.9518954
-0.1685758 0.3371515 0.9518954

0.0000000 0.0000000 0.9238095
-0.1303484 0.2606968 0.9455265
0.0000000 0.6734350 0.9238095

0.0000000 0.0000000 0.9238095
0.0000000 0.4761905 0.9238095
0.4051947 0.8103895 0.8563013

0.0000000 0.0000000 0.9238095
0.2376626 0.4753251 0.8842133
0.8078865 0.0000000 0.7892102

0.0000000 0.0000000 0.9238095
0.4051947 0.0000000 0.8563013
0.4051947 -0.8103895 0.8563013

0.0000000 0.0000000 0.9238095
0.2376626 -0.4753251 0.8842133
0.0000000 -0.6734350 0.9238095

0.0000000 0.0000000 0.9238095
0.0000000 -0.4761905 0.9238095
-0.1685758 -0.3371515 0.9518954

0.0000000 0.0000000 0.9238095
-0.1303484 -0.2606968 0.9455265
-0.2126800 0.0000000 0.9592435

